INDEX

’1,1111111111111,14318446,

16.528.2.529.23,
51. 16144.

1111.11,9.10 (4.
1,(1110111141114101 53 z.
1.,1111111111111111 49. ,00 4,

14111111414-164161,
1,,11111111111111 60 522. 44

Tit. 11111111111111111 111111111-

1111

1 (11111111011911Η6144

1.1111114114,141,11 411,
2‘1

Τ111)15“11111111141.11
1111111141111146144.
1116411.
Τ11. De 111111111111111111.
l.1.5.[1÷re.5e.n.151.22.
11111111111411141.11418,
144111111111111,1791011191,
Tu. 01111111,
’1,111111111110,16, 4441,
’1 1111111111 171111 141.
8.,443 1446 14410,
4,4

’1111411411111111141Ι

11111111 4,1,140
1,1111111111114111,414941.

1,(1111111)0141,47.1111111111,1

160.27.
’1,111. 4714,

muldam, 325. 1.159 27.

1111

1111, 476. 5.
1111111119, 40111,
11111·,441111,416.14,
1.,111111111011 11119341

L Ε G VM.
1,1ι11111111,1.1,198.40.
111 1141014441 11111111 ,414
448
1111111111161411111141,
4063.
11111111111,11419141446,
5.1. 10111
11111114. 401140,
1,(11111111111111,61. 41440.
11111111, 66. 5. 11 1111111111,
41748.
1111111(1111110,80 23935.
th ,111411 111111111111111
1111 11111111.
1111011111, 16111.
Tmurtiaduerssnnautas.
1111, 535. 7.
111111144111444,
’111111111ἱὶ11 fartum 1111111
dicatur.
1.1, 444 6.
111111111111,444,1σ. (4,
1111111111, 125.9·36.3.29z.
111, >Arborum ,1111111111
mm.
Isc1e11611111'2. 19. 56.
11111111μ11114014. ,
l51scu¹us 11111111
,51phues,6.§.fiarbor‚598.2.
l.furtum.7.5.1.20.66.
1,1111111114111111114146.
11111141141614617,
Τ11. 111111111111111111111.
1111110141,1491149131
1111411111,
§cassetum-5315.
11111111111141145,
81114 111011

 

